-1157.6024121423504	1.242029899910119	0.1	0.1929662329415616	0.17593486045843518	0.15613826465617048	2.0389143598503625	0.07150567431507167	0.17838348964767087	0.014730170633772485	14959.8641075314
-2023.8488133057008	0.5781193040302248	0.030717784993433517	0.04530209430381619	1.198984634040197	0.13837985723938181	0.7474673155332962	0.05547797410045031	0.20325770421412132	0.00696797150604776	18278.586633385003
-2491.2318755772535	0.770493083048897	0.014005953551550829	0.0172754278609318	0.9289766593711073	0.0761024645454491	1.2260443601174287	0.04994389709647773	0.45079382574812504	0.005782827615077271	19224.412922702657
-4424.056931234591	0.6395639448438544	0.011181158856480232	0.01522173798818865	1.9919053688954549	0.05	0.5403944960742554	0.027723230182126198	0.8581931068553486	0.00427852920498313	19547.11091833509
-3345.777255318091	0.5213786985747124	0.022275398910343528	0.03525251136677947	0.5545993398205501	0.05549451772293057	1.012638079762648	0.027662796486580002	0.4599564221768365	0.02240773923580207	19432.048703250646
-5354.452371173878	0.7223712696859774	0.010355118615023112	0.013963489916023683	0.4853111660412508	0.05	0.45785674798778353	0.023363944024567394	1.1060903707135694	0.01244452283305231	18884.084657492123
-2628.6440352111786	0.5224482672519114	0.010064557407391652	0.009951475769340988	0.639766280784824	0.09314942734913444	1.3489270062130307	0.0496893571126013	0.4639071737246067	0.011601906168552365	19282.40870594422
-4027.081564044072	0.9035064371704989	0.010254682012041974	0.012049730674113055	0.7509080083501646	0.05000000000000001	0.45427863963986453	0.03681173241567543	1.0432023752518067	0.00844626645521041	19856.403259952654
-6307.951386990842	0.5185145508138773	0.3	0.08917856776611184	0.001	0.2551219833531707	0.02350071112639376	0.06288312253628493	0.0014712917195071648	0.00531779679733207	17585.072446633443
-1162.0147316966984	1.4095469170265713	0.1	0.18282277259022825	0.08627061115893658	0.1547848017455528	1.524390274244765	0.07821723803587997	0.1909202630458006	0.0182826077501217	14848.940763651206
-1174.173942571355	1.9808319505339191	0.1	0.17893323880173306	0.001666719811315633	0.11861318554118083	1.560269312999444	0.07690330322027103	0.20189264203086263	0.017144546088724028	14764.881720189314
-1160.024191933751	1.3805584275006866	0.1	0.1861707977398942	0.11917722102891679	0.15709174986668797	1.6274841151398494	0.07803006861780615	0.1855433802433227	0.01927726638825409	14837.695125156722
-1393.494593956882	0.8326726779010726	0.1	0.1853067278560106	0.050675192459098545	0.11572268734860264	3.6788064476201088	0.03329389262304402	0.30468629866260954	0.005962967867669667	15875.359102878923
-1315.2688267235694	0.9946095211711448	0.10047798116010688	0.20046817053631194	0.15380872524145733	0.09710293977196967	3.485375597826853	0.03667400687452797	0.27499999815976367	0.007295206897033379	15716.841957978613
-1151.511075808738	1.1612743290240157	0.1	0.2099991433281263	0.28959270011723676	0.1580085521895898	2.1486034867220227	0.06865331785131319	0.17484207808944396	0.01757710943013106	15035.519345971967
-1152.278404419273	1.2065285915100332	0.1	0.2041574864081053	0.2524275310436804	0.1572111611166501	1.9607985813283881	0.07062833087698016	0.1789329229453802	0.01789730867320748	14996.921372399627
-1291.9536348366598	0.8780184613208993	0.09999999999999999	0.18282516567627052	0.040582893130029	0.13023169034230694	4.37038172878267	0.03898492746737803	0.25412416625012746	0.01494539049888667	15636.6630112693
-1190.0443097264956	2.6356677547489955	0.1	0.1761123137188686	0.001	0.11056283653976448	1.372780742797035	0.08501150765460033	0.1958252869584641	0.018984666253638167	14648.756696748178
-1228.352637476653	1.2545658490242362	0.1	0.19034601256571684	0.08974669224696115	0.09165804146851662	4.976101333246202	0.043590668524151	0.2266310054702711	0.01368472347451865	15390.154875715547
-1228.9115596123938	1.022808850970375	0.1	0.18128159379167721	0.041129169316771706	0.13151430400998432	3.3718673935144685	0.04849736471683425	0.21706819057329815	0.009229902275682331	15389.427793043164
-1179.1794109164966	2.177677267589886	0.1	0.1776587730586514	0.0028640589370059564	0.12067376864090817	1.455508608297755	0.08300283169736715	0.19702034920046493	0.01768645922247366	14676.525729630592
-1174.5879935035014	1.2493608707830455	0.1	0.18723442347502764	0.07913528838398343	0.12447258828961584	3.009479722851863	0.05651170583504492	0.2014108394421832	0.016099084807888717	15130.132387598467
-1184.3305724157456	2.0977226855156026	0.1	0.1719650834835079	0.001	0.13628644960683858	1.236382019239033	0.09088330213482602	0.18770584234949442	0.019951443465875098	14627.341377710727
-1168.3632583336414	1.7388584050461826	0.1	0.17870563196773032	0.02182895789723469	0.13490395698016505	1.5639494311362891	0.0796304875956059	0.19350942764256626	0.01944385642855008	14746.22751153235
-1186.7495654949964	2.1976796476885605	0.10000000000000002	0.17265066173787336	0.001	0.13516814334435062	1.247122431418331	0.09256161808438554	0.18822003844345467	0.019304897243351084	14582.636705556599
-1154.8413744173808	1.2687762961453248	0.1	0.19470297347556764	0.18541279361206028	0.15753829252582371	1.9190832888764855	0.07313134143653784	0.1799997194669559	0.0188116034128366	14917.58645486141
-1216.7912118834206	4.174283366883578	0.09999999999999999	0.17572395327963117	0.001	0.09113987389421796	1.2907817865155056	0.08741996970820158	0.19737384835212404	0.01777344849664492	14601.963049338192
-1184.256286835432	2.307799946744779	0.1	0.17868397694478616	0.013967412558007567	0.12211283630839107	1.333454148116303	0.08671231579582872	0.1987010397685553	0.019279746474426727	14623.199386473001
-1161.5707644849733	1.41292773546579	0.1	0.1880619898520294	0.13807020590356706	0.15968293195211078	1.4965361262766266	0.08145590919846994	0.1862379078592464	0.01835588779454748	14806.346412812336
-1151.4628094694212	1.1529283667290335	0.09999999999999999	0.21186862571490717	0.30152722140205707	0.15798546899547128	2.186536376752187	0.06830207556186503	0.1734741480398487	0.017549495796148576	15046.327932349957
-1160.6678638434728	1.4185382295435547	0.10000000000000002	0.18598144630395708	0.11260068890602454	0.15238436486694207	1.5250866178596287	0.07793743236819187	0.19033965974989808	0.018747654007125705	14859.042968704049
-1344.148521801384	0.7924695412195167	0.09999999999999999	0.1899624006164742	0.08487549608112835	0.13789384431243676	4.914384080970137	0.03454358159149284	0.2729640664166989	0.01906381052024471	15783.598456227168
-1186.0076568802806	1.6103449102134408	0.1	0.17086044751182658	0.0012619997675481047	0.1746130644689207	1.135709026514509	0.09686989345301587	0.18959282052078003	0.020286309096037652	14611.201653167289
-1221.1000845789288	1.2023169680734238	0.1	0.18188671748769805	0.019916340104694397	0.11343898470425046	2.1989107765447113	0.05047977186719931	0.2370949461061806	0.014098880415659208	15344.839074854604
-1304.650540413654	0.9970100024801667	0.1	0.1850451994796265	0.030029880314445968	0.10440357877458026	3.565029413019217	0.037885635652172935	0.27839634780439654	0.013202442499290822	15624.330332008083
-1151.5864814693398	1.1688657293356868	0.1	0.2090083377335977	0.28394031783204987	0.15779666466378645	2.1126455581140124	0.06899095035281842	0.1754066750046001	0.0176651979657661	15030.987330736678
-1203.6457911717675	1.0350220886863641	0.1	0.20941918151074723	0.25333177929741313	0.11355200528235564	4.838717926020466	0.04430508758031722	0.18982102264579598	0.013899703109072256	15491.005564193474
-1160.1647115019123	1.3737777881542317	0.1	0.1857599889812036	0.10793188813987838	0.15852839512683642	1.6918167864950615	0.07795668593690709	0.18503732584268878	0.019016209983511206	14817.702257654078
-1195.4606194615722	1.2133442668531609	0.1	0.18145569874554293	0.04508983253956419	0.12831503957788765	1.9683679455833933	0.05734932952603832	0.21866261105478735	0.011990967086771755	15234.510011080158
-1151.4571195845165	1.156305990876146	0.1	0.21129988699835994	0.2974447338216937	0.15762238183145283	2.1920282507338533	0.06828331437710732	0.173743549668905	0.017546937468510576	15043.091874235306
-1180.7773724439023	1.8009748060805528	0.1	0.17072743176987176	0.001	0.14690847726546102	1.171511422566827	0.08879211699056079	0.19076685805592464	0.020099658847141474	14714.98524967688
-1167.6645788220878	1.6257822578579064	0.1	0.17764878407407553	0.028562449535499027	0.14418809205399769	1.46541498359503	0.0811660366109169	0.19241768615176583	0.017806738441724722	14767.22927972875
-1151.5016244899819	1.1644328187889479	0.1	0.209077118778341	0.2819060021561702	0.15667466465255478	2.22172155434223	0.06810035134570089	0.17458470152165173	0.017692330713894987	15033.49452550893
-1156.968808603772	1.1313772012988421	0.10000000000000002	0.20963556277939413	0.26659986986967105	0.14503527899962437	3.8516006256375777	0.06050875524624434	0.16722327903549902	0.017316178665868473	15076.328992175488
-1253.6785407117986	1.0188823857723124	0.1	0.1949893009618898	0.15261509048864527	0.11269852228483374	3.977077887045801	0.043518486775227155	0.21468093703287153	0.005070561193150832	15559.75774810323
-1151.4893868058746	1.1509773270781056	0.10000000000000002	0.21079981746956727	0.29522050458474924	0.15867077159925919	2.1690986590206602	0.0683523414137487	0.17418440238503424	0.01771761210838157	15045.271613126197
-1151.428309328339	1.1507023709072934	0.1	0.21184635253048334	0.2995392477140193	0.157009624315652	2.2589553468032433	0.06766780344207388	0.1731698355066687	0.01755496814630841	15048.731976111289
-1151.5656410982256	1.153666073428365	0.1	0.2103989788597576	0.29129316463214217	0.15613388358738584	2.2652000524591087	0.06741543649682072	0.17382638679577622	0.016847231536709525	15052.594706134152
-1151.4305042317785	1.152027435536931	0.1	0.21143210069835647	0.296911011821337	0.15686240627794945	2.261030478308916	0.06764925991083864	0.17332423167796826	0.01754127694392204	15047.673618986379
-1151.4602738986134	1.1564388007776003	0.1	0.2112318975885335	0.2969282319617645	0.15776867486844867	2.189774820709125	0.06832099687464327	0.17385853820097785	0.017679054730939184	15041.300741921277
-1262.111031068315	1.2878331227075188	0.1	0.18740186876755405	0.1040371964818921	0.1041617925557977	1.8549734750943783	0.052166270182004454	0.22533633209804868	0.003137032839731464	15420.927016793987
-1192.2016437012212	2.3091413193161583	0.1	0.1708702700581026	0.001	0.12130243620742186	1.1982999430204053	0.08610282110364063	0.1890783288884185	0.021561043898455753	14713.02014289152
-1157.183603799459	1.3388250536707935	0.09999999999999999	0.19045035377263206	0.1424735602078815	0.15493371208049117	1.6919284203641862	0.07527906293254165	0.18762085206751994	0.018839290016149698	14884.604620298174
-1151.5770246128836	1.1755598117268833	0.1	0.20877169357598166	0.28208511025073685	0.15707727125837995	2.15073678275761	0.06904740346743647	0.17469607702780002	0.01767854898493465	15022.792663165386
-1151.5609941787563	1.1674517430501505	0.1	0.20840138837837327	0.27932527673178337	0.15712972778953715	2.1561152102284207	0.06851961710579323	0.17526347688813207	0.017629520120186128	15032.698370325243
-2801.6604163916695	0.5984105177005459	0.1369320461313314	0.24017960923038453	0.001	0.05	3.326417909092082	0.0011423911365873829	7.8753030726720885	0.021558921005153622	15701.983858530877
-1398.147404604826	1.120687560010038	0.1	0.159746151338704	0.001	0.103380796592972	2.8074857974582206	0.0437600073950581	0.1722017598029364	0.016338952973390428	15585.725528383555
-1151.5847433548483	1.1740576841453403	0.09999999999999999	0.20865697253279122	0.2813250472402036	0.15741627423555932	2.1430708488483416	0.06906252914516353	0.17486284755648154	0.017793696663377812	15022.667676689554
-1157.116885933174	1.3033540359510996	0.1	0.188397664950753	0.1277164603713309	0.15338805753994655	1.873292635887771	0.07244002457170508	0.18558229031668314	0.017960174087502154	14916.061871946567
-1151.5748778419963	1.1789061661114932	0.1	0.20841126420404457	0.27684967822285855	0.15478953487340447	2.18311068910738	0.06821158428721538	0.1757870451774359	0.0174999845412895	15031.292651004436
-1211.8516917052584	2.728496482574947	0.1	0.1644827734934057	0.001	0.12610327665635143	1.0814260055732983	0.09793331399634486	0.17827430697572502	0.018801300908147182	14593.684836377366
-1202.851747808272	2.9647305776554287	0.1	0.17052396276488588	0.001	0.10972423907450314	1.215726957837655	0.08961091549384519	0.1872377562853167	0.018573263948349898	14643.8489493717
-1151.6498248246016	1.1731618412764369	0.1	0.20688513837352857	0.26716116995687966	0.15621908270316961	2.2083408922599492	0.06823957770546434	0.1756957336503368	0.017604785591803177	15026.013534966622
-1241.0923752500264	1.2688188949050687	0.1	0.1762647868298437	0.001	0.10208859985875336	2.6439225872956924	0.04855477349714432	0.22654117478834235	0.011096254482681351	15378.665865160356
-1166.3198074901406	1.1025340633996337	0.1	0.19240895956234091	0.15546895597623542	0.1489191229693453	2.3170072137348874	0.06005576368266817	0.19186160832872692	0.016031103232100545	15184.573536252426
-1371.8910891423411	4.384934531656398	0.1	0.13655878072764757	0.001	0.18613273089321555	0.5747062947580145	0.18294665848162006	0.18721278236162062	0.0214083486085924	14066.894522427265
-1151.4975562141522	1.1569490363266584	0.1	0.2106725021822588	0.29421374957047614	0.15835488789790392	2.1533157963139287	0.06859873839157772	0.17430979729188353	0.017682197746228555	15039.051536664154
-1190.7584788414003	1.7541800440668942	0.1	0.17093724008654065	0.0020862042613463572	0.15425996825701363	1.201477403704803	0.09233906000082664	0.188628577363063	0.012621359625659256	14677.69982616865
-1277.8268214349007	3.610883793960989	0.1	0.17511805464270763	0.001	0.05454414185449954	4.423322498933101	0.05136978362542105	0.197232220225664	0.01856358566094521	15092.174751900666
-1153.3446659094284	1.2456863705770103	0.1	0.19996023938908636	0.22475387540234082	0.15701277542455994	1.9671513544762114	0.07238821473012542	0.1783474783669913	0.017359419084545632	14946.228512175456
-1604.3563774534728	3.932561839809289	0.1	0.06299642598839615	0.0040057937902029765	0.2835197271734531	0.3672148249887299	0.29432557150188254	0.1943933511914884	0.021668828292598433	14061.43596855088
-1170.234249165272	1.784549993087728	0.1	0.17788084376115904	0.023251327628092795	0.13692477554440563	1.493941189405227	0.08217776518293754	0.19249505069861542	0.01868996958642959	14712.065100109414
-1152.6685148352174	1.2127240144493	0.1	0.20100705227566615	0.22915131407266728	0.1572639921739352	1.9914763565224889	0.07064210669188625	0.17996496508297297	0.01754922422398586	14984.143656298971
-1179.8041165822983	1.8971115640616605	0.1	0.17278287132315537	0.001	0.14541121557056425	1.2720955999539523	0.09067806009351516	0.18884332731462997	0.01886374116359719	14628.564145936296
-1173.8652202293842	1.9721994169374468	0.1	0.17705239919584947	0.001	0.12472516562271051	1.5030277676059731	0.08042085879440458	0.19642193458145368	0.019138330101312377	14725.284545344952
-1168.3308386271015	1.7829397845884594	0.1	0.18048751318591952	0.035821477073791325	0.12958042340258377	1.6277475975845577	0.07818117809081407	0.19363987310798234	0.017990670249192032	14756.55302547873
-1328.2925535535571	0.8290510113283338	0.1	0.18692845382224071	0.09052523334907935	0.13486738004957058	3.3609552814419486	0.03692772020874849	0.2481200122158612	0.0173506025418295	15751.834082257816
-1151.5428775297896	1.166775899089397	0.1	0.20837776640065236	0.27802099207420006	0.15688483646130613	2.1979137672504034	0.06829000940003582	0.1749241731930457	0.01772203623382757	15031.288648976506
-1171.9732957210913	1.1493261339555567	0.1	0.18814633055378616	0.1295799971140524	0.1541445299963703	3.2562243359851433	0.06391943498407045	0.1728161756045767	0.012722201794661214	15009.886148431035
-1154.2770292108762	1.248929343256402	0.1	0.19481053080618332	0.1791136122016579	0.1529595037548675	2.0438238967354443	0.06999064635811245	0.1820585313055209	0.01804748409297159	14964.731401016881
-1152.8592694495499	1.1663729385891624	0.1	0.20893763351181435	0.2850189560843923	0.16236198609551186	2.318418251097263	0.07032543836349411	0.17009202708609955	0.01698837677150867	14974.838138106366
-1307.9330081213511	0.8508545830698291	0.1	0.18781331093066445	0.10639004934832563	0.13984311711562808	2.312931295168096	0.04064631096862207	0.24036472751009147	0.012150777982585875	15726.774228740518
-1159.1640197145196	1.3427763203476557	0.10000000000000002	0.19170763326291254	0.1748158566571504	0.16297426467994322	1.6251244560007945	0.07983807377148236	0.1804891021704231	0.01863114524630072	14832.375020857837
-1164.0453304649034	1.4027360131130135	0.1	0.18344427580499342	0.08514637992549921	0.15056578783879923	1.5822619814021757	0.07615005090483883	0.1921154678051619	0.014584287275984181	14883.501041527004
-1166.6763878652282	1.6716589536464217	0.1	0.18023345351549583	0.0463453705676146	0.138231491230928	1.5306408840071923	0.07984509361243539	0.19288750369914906	0.017839127155734862	14772.43295845514
-1236.6215155805446	1.0445536958354364	0.1	0.19097896429386504	0.134405763819406	0.12654609292933636	1.9013778474985523	0.04966331479638817	0.22684175942307477	0.009080584108392468	15502.470464220838
-1151.4323715893415	1.1535147997663513	0.1	0.21124012834265607	0.295814852728591	0.15690152462783455	2.251864022638107	0.06774897356454138	0.17345915894896227	0.01756587023328216	15045.880334136154
-1169.937266742402	1.4973834625559828	0.09999999999999999	0.1746650035273864	0.006647083777868634	0.1546562628604793	1.356863937057343	0.08139770417784567	0.19562413785210336	0.01746105880443416	14807.472149839632
-1151.5948710414182	1.1690257717853065	0.1	0.20757963837068508	0.2722631315970757	0.15680549302025626	2.1994620078825386	0.06831340995023046	0.17550699195142874	0.017681692626738837	15028.05332200584
-1164.3741413681585	1.6050532795973025	0.1	0.1850557553128073	0.08865165345497598	0.14180263412497693	1.4997843931693793	0.07977273761781041	0.19356826127254634	0.018950707539808723	14784.922639559438
-1156.4561125118546	1.3313961467618416	0.10000000000000002	0.19182494366535094	0.1530068820115519	0.14852050505817205	1.7536890862125496	0.07212615672317407	0.189137859480059	0.017899902630538197	14939.566755920318
-1151.4288995236018	1.1503007577487199	0.1	0.2120078630869516	0.3007118308884361	0.15708758056355926	2.252641067316763	0.06770308874220331	0.17315540507807017	0.01754612770860556	15049.42452201294
-1175.4621339961134	1.953841221285415	0.1	0.18004028993667223	0.04626312573315848	0.13268903352818118	1.3941678706968736	0.08534574996099308	0.19263333382943293	0.01977279709145189	14673.668699991475
-1154.5914706537778	1.33315190427182	0.1	0.1968292535837756	0.1905983442924412	0.14689182809620954	1.938458337979	0.07186908445982915	0.18324063342789046	0.018082021154156445	14925.408884337556
-1151.4810972340495	1.163235985532945	0.1	0.209670806771681	0.28656920050584683	0.15692646851133846	2.2039187942253813	0.06825831899307407	0.1743607264009435	0.017536042715350395	15036.781252379233
-1151.428468328278	1.1509708920039023	0.1	0.21175099922797241	0.2988219106966565	0.1568997397823772	2.2636255064705844	0.06762907844805745	0.17320667132773387	0.017538216573663265	15048.831174953466
-1151.4697054202418	1.155969808346916	0.1	0.21131883445852645	0.29739733291288384	0.15781775875307277	2.19134687382995	0.06831306262732927	0.17374003844306207	0.01782799380053875	15041.61767965699
-1178.680125405767	1.9117816694559597	0.1	0.17234334018458092	0.001	0.13854596113294415	1.3106781162570695	0.0872514970596071	0.1880965668039765	0.017308173744620254	14685.028484466908
-1151.4278195660756	1.1492154104801153	0.1	0.21206094222889224	0.3007434045443362	0.15708520737311726	2.2678230857025956	0.06760986992293196	0.17299202173984812	0.01754710381500665	15049.723562259069
-1200.9686551423515	1.2760940438084796	0.1	0.183948617503158	0.04356382750702125	0.10793982313834297	3.299411483061878	0.050585059267974304	0.21733964212716528	0.015505634504137274	15246.8961620867
-1161.7236053845525	1.217634142569583	0.09999999999999999	0.20583489072596894	0.290758728657212	0.16551829014783062	1.36986096294188	0.07716912292679558	0.18648482226790739	0.014974145248555894	15030.15596722724
-1159.1114084109893	1.3578004348253834	0.1	0.1919038253470612	0.17460966221654908	0.16123123899053748	1.6409299917670737	0.0797311967555529	0.1807619159169323	0.01841829766937759	14826.275166304993
-1155.1393534837202	1.2334840164465424	0.1	0.1966069962753146	0.18688523355492362	0.1552410559510598	2.125049161143846	0.06985318709573526	0.18100258660319904	0.020490323403006813	14950.324358576849
-1357.0593304608215	3.4474056845441945	0.1	0.1330212504490466	0.001	0.1927801509951745	0.584649051282934	0.17054951277047242	0.17489284064037447	0.02143720498469093	14212.350579280639
-1154.3387258256503	1.2620515746374792	0.1	0.19475560983204912	0.18077455762008415	0.15404793512527737	1.971969835012325	0.07126343303392266	0.18217759609443637	0.018197875481609845	14947.693240081566
-1279.795291511353	0.850267976617505	0.10003966530116473	0.20416075837476824	0.21189488278462898	0.12753232301936987	4.995760439471629	0.03710864596282938	0.2183280824554653	0.018899563003548395	15740.217854185037
-1163.2158817937504	1.517653863877863	0.1	0.18041768035417427	0.045434366799196775	0.14249273807207094	1.6969066623547786	0.07595196189358012	0.1916461046823245	0.018422516739462703	14821.932988018052
-1186.1880482556842	2.4766273188827133	0.1	0.1757905032408932	0.001	0.1089262599243641	1.5388078553373823	0.0805592654149447	0.19186124598712023	0.01963310632866141	14684.842785315966
-1414.7131349608983	0.6777918567995258	0.1	0.18421946792582117	0.13533789420238743	0.18775299809264817	3.8128634915860915	0.03569254713583727	0.21918632488432882	0.025373227663713416	15948.23301509884
-1151.618524006069	0.9877632241476223	0.060681643325391624	0.09916058327086777	0.001	0.18878337036884257	2.054878347628276	0.08192434880584659	0.17043009202952564	0.010933306513858827	15904.220987212606
-1136.2675238668796	1.0975919977144921	0.07141962517960489	0.12157736383108733	0.001	0.17924727707157478	1.9062719226449933	0.07995684966901191	0.18274481272703536	0.01478326268554422	15593.410660964339
-1757.3098595087913	0.5740986771457789	0.05376187538745174	0.09024515215024938	0.0010285941250675159	0.13819456813530878	1.1323038884911398	0.039822997762018524	0.3107932028337437	0.018447006501942656	17560.17187243136
-2707.4178511614928	0.509828104428936	0.05	0.08106798034870305	0.001	0.07038719132181573	0.9934403501580666	0.020115303591087933	0.4409116396821372	0.0091026020367874	18270.721969466882
-1165.8192984347593	1.107281916631512	0.05016973156361962	0.06974556945669545	0.09139017859726026	0.2288901986929516	1.1429162425624007	0.11867555682419159	0.17019712303651358	0.010868487359528545	15832.34090953326
-1241.5286269751052	0.5873876785259582	0.05121279296823775	0.08165143391119249	0.0011281006941979029	0.28188836833311665	2.2807041099072585	0.0758045855800139	0.17078056805706276	0.02254443423091495	16398.83452844165
-1176.3213602113979	0.8414783788442265	0.05889149810382106	0.0978051127560633	0.001	0.19336645917645043	2.8063273322602993	0.07260118223501948	0.17065447160174213	0.010819381824569223	16106.187140986964
-1160.1905487596187	1.0855110281045486	0.05032365042425329	0.06916086748600446	0.001	0.23138504600636398	1.1047276061944888	0.1176832995356988	0.17432353305962095	0.012182529592554791	15840.400470453154
-1158.4294335852612	1.1451153015886402	0.05026966956252644	0.06939720861894688	0.001	0.2186560191225196	1.1118005244121594	0.11518660948590798	0.17295639748154584	0.01220676162799136	15873.66424270493
-1158.5745533859674	1.1844072903217133	0.05017979460159151	0.06930114995433147	0.001	0.2137723048265642	1.1252173424756466	0.1150433716383998	0.17199590365622702	0.011846464086529097	15866.898106055676
-1159.577776581823	1.2358203682199418	0.05063636216431032	0.06909096701389199	0.0010173438307559894	0.21612341221926848	1.0798452897713917	0.11926201725372643	0.17241244867411265	0.013052761425219876	15795.100986055511
-1138.9072254995333	1.1176455848163576	0.07758638373718202	0.13715110817755655	0.04189457153611772	0.16820760948971428	2.112739646554648	0.07457322884395873	0.18585743383198927	0.013464924329259952	15502.0631607832
-1236.1328070854706	0.5511914027104682	0.050334867191798256	0.07885035899539655	0.2392064292333429	0.3100191924623267	1.3684731239850498	0.08839632840718804	0.1775997001861207	0.006243913486120268	16570.04687234275
-1264.799164046863	1.0602520238075235	0.05	0.07080883332652808	0.0010519043808862286	0.16410918670476682	1.187480803311598	0.08374928603337943	0.17029345575477456	0.001518957833859871	16480.19396582459
-1161.3519397579457	1.2529722408700783	0.05	0.06723317521538988	0.001	0.21640348939772894	1.0617253007530478	0.12090259168263558	0.17227211698235073	0.013450413023485201	15798.193627313363
-1333.9855333086857	0.6754679456775383	0.057704599622384015	0.10167638319353765	0.38441378523022696	0.18644697738903013	0.9763928584336027	0.06678262922810554	0.22298637709082664	0.007113124769665091	17050.796203207778
-1188.4889396752649	1.804194514532156	0.05	0.058171882147075804	0.001	0.21136385042090886	0.8505630578953489	0.14600771800549994	0.17107812969315045	0.015044277753473318	15537.843782373588
-1141.4546481348984	1.1680749491610596	0.0709374427567442	0.11877885916895735	0.0011983712841430326	0.17978517881941217	1.543594002460901	0.08632697327149434	0.18541512631015322	0.009233892547882	15576.240069984084
-2047.745934574589	0.44511206112455143	0.05	0.08146406913595758	0.001262900175586303	0.1581997871932863	1.4834726054919773	0.029879352507449417	0.2509752655266035	0.005951969127990972	17855.931394281153
-1213.7010795504068	0.9218836665542766	0.08118208838783703	0.1467276314069305	0.015077372005898364	0.1370841629015642	4.9076718592673085	0.04910757827366701	0.2110355117377948	0.011747315534852261	15868.781062061038
-1153.7485172490933	0.8988224310232462	0.054710522231891476	0.08455967303424962	0.001022209054222851	0.21858609807441973	1.5373333594699221	0.0921036426129065	0.17280252272540048	0.011381868294974711	16025.00294363579
-1156.4422691826771	1.2207028900338883	0.051927024900123284	0.07253433207659007	0.001	0.21463652006985526	1.1159804485797609	0.11636380941815039	0.17230307868610967	0.014134398797968765	15776.926958663906
-1237.161052318094	1.0111781257046066	0.05	0.055830479500413664	0.0010878511023754555	0.2481384923776836	0.8782936374337834	0.12163295190811652	0.14143023062851787	0.018647499656508335	15924.995660524766
-2486.3321817298597	0.48169174316344343	0.0838545528057671	0.14417171708484294	0.001	0.11283183387865092	2.2626024566891916	0.010229454928669042	0.7671866596747716	0.011181144536309365	17340.44900359877
-1157.3843400064152	0.9648760931053564	0.06598721516277042	0.11010124851129385	0.001	0.17878742103439701	1.6519820775990848	0.07442453688096319	0.1899310251554515	0.012887866241565403	15975.813102528786
-1348.7233258218098	0.5370492839197747	0.054085144036707694	0.09389479250645012	0.18482984607282263	0.22047654867259456	3.76576496847795	0.051579410748477314	0.17400631811137943	0.010646691544480336	16978.533628353995
-1366.8954577171435	0.472364407999377	0.05033996729047428	0.0826839548192234	0.0015347611804941833	0.2813590790080732	2.5204023737061463	0.054765145327441714	0.20025128197612538	0.010515701160296235	16998.871519317137
-1171.0960583760739	1.416817833102882	0.05	0.06426513342114858	0.001	0.220284128526443	0.9655571543565106	0.13313110033156877	0.17488401050824892	0.013983510502277812	15652.42896953749
-1154.2306144280183	0.8709975518683478	0.06327089445986578	0.1057895433004909	0.0010038674268422578	0.20505101913218682	2.3094970653007234	0.07729408254908979	0.17408340118823704	0.01309826254696211	15905.59607788172
-1258.8664384979074	3.899855617627429	0.05	0.04739298464170884	0.30909669098501036	0.18034338168371067	0.6879526150355693	0.17526103755217798	0.17153915973329617	0.00996700372167431	15367.523286806498
-1380.7365381501663	0.6064270014557626	0.059054052967483416	0.10012917316949614	0.001	0.17883505736547603	2.4223035668012987	0.04737336761608311	0.2271692447685832	0.006333403936724149	16916.482190897405
-1156.7000123499063	1.1600546163970011	0.050484756121781264	0.07063626490239715	0.001	0.21365138871557682	1.169013117352046	0.112598822479687	0.17093761469872845	0.013387317640281081	15869.156177076025
-1718.5319062576827	0.5252224061413595	0.05641640432807617	0.09470687307026118	0.010891708674162998	0.16530185382040413	1.9786424111666716	0.03502406550678198	0.2496280668937279	0.013654831733140929	17344.38299284432
-1373.6002130840377	0.5507049488093473	0.06464030639175143	0.11191795073036517	0.0013659161710795982	0.2280534951013393	2.381057389319508	0.046557501562674394	0.24170621083001942	0.013722706045482497	16790.789657445777
-1740.6144517672396	0.4395496959755856	0.052130000004205534	0.08666995853338832	0.2049248637511649	0.24421119409774097	0.8836480450871851	0.04532081472776782	0.23009897887843367	0.016778281011070227	17639.947163041543
-1251.5425048920947	0.6780936163210641	0.054066549806442384	0.08760259956732129	0.001	0.19896042346352416	2.154837286422733	0.06379222393562155	0.17867125719904567	0.006430930151393975	16628.393580943666
-1161.4970953229565	1.2046705581922745	0.050157132097769036	0.06785317622613853	0.0010906987185334647	0.2215942106502232	1.0661438239723062	0.12094137033076273	0.17355814515957968	0.012151517653029633	15798.953327430512
-1166.3581772194225	0.9246493257978984	0.050333755825395995	0.07468568641061532	0.001	0.21636995981460946	1.4703569874887736	0.09660671867159422	0.17026875765237975	0.007592341517273339	16101.783703402229
-1158.6253599411252	0.9509269651944033	0.057645577619342026	0.08874823063981924	0.001	0.22048388070611244	1.3459122743757594	0.09678852373963864	0.17668288104190677	0.0069720384549674915	15904.580716457594
-1152.2269238054243	1.1974077111717132	0.052822473098978265	0.07662352636604704	0.0010122904171223567	0.20503586444084754	1.248601970789824	0.10860398202060015	0.17035115665863182	0.013218519251414759	15817.876533635064
-1201.6621924704452	3.7035500796642973	0.05088482258138814	0.0672453383823712	0.001	0.13818030370962414	1.01123202372468	0.1274284062604527	0.17129130853840327	0.013013281350852963	15606.631721389047
-1154.3492462416702	1.1469591958055136	0.05172326429124409	0.07359156879282916	0.001	0.2145524738182787	1.2042904221207644	0.11138245306009922	0.1702934844191896	0.013181436070229124	15834.65383290493
-1229.4909038461333	0.5574453921783572	0.05575083129268351	0.09153058677036321	0.02124094905194436	0.2934721085474525	2.2198474237067867	0.07135375065065841	0.1803516104449337	0.01002089117230369	16452.02032203504
-1155.354772532895	1.1059202581865295	0.050666293367585276	0.07265425485861449	0.001	0.21153334928729747	1.2846589251156888	0.10718923163342135	0.1690306194890126	0.013287088896164737	15909.775741098743
-1163.8283598679768	1.2938801492943681	0.050097947840812916	0.06658513751868972	0.001	0.21911953812263463	1.0296240040268236	0.12473032707351239	0.1727191655486833	0.014400699155694845	15741.891359745061
-1141.1741194932301	1.123836716665529	0.07757383886295417	0.1348419273686892	0.001	0.1636367021882115	1.9465262066431084	0.07250397108306607	0.19136735584453038	0.014958691046467196	15544.98809311322
-1160.0152745464886	1.1905389672822024	0.05	0.06808151163013228	0.001	0.21909834236255768	1.106688294325022	0.11837251071292589	0.1712382901138968	0.012305218876293373	15822.748756805153
-1209.4035176717903	2.638550407033849	0.061216733637989594	0.10071777570089409	0.001	0.09918984976398346	2.1262189607208253	0.07953622619543836	0.17191284633332735	0.015332243687446873	15798.972349661753
-1654.4740189565823	0.490289101646306	0.05	0.07365175037999598	0.001	0.19400382084858211	2.2480306847038443	0.044869691812717306	0.12964087423227724	0.0029733833702707073	17330.220118665817
-1143.3553250802474	1.0868529538156617	0.07898453433359293	0.141615108110684	0.05768297242491207	0.16725986487319958	2.5730210304975265	0.07097926333530341	0.18167285701108088	0.01610694112115454	15475.65076826927
-1152.8520298909962	1.251305299299622	0.05308262990503916	0.07636804547807678	0.001	0.2022035807819542	1.1925393228024022	0.11042039109998782	0.17148392940459287	0.013257002492451804	15799.278018817802
-2364.181840449468	0.6089382539928729	0.05704626133783623	0.097514284444375	0.02077164520966028	0.06157707692944786	1.5336468461416572	0.02058962752018259	0.4459325377863585	0.0073635558354839025	17951.367553619653
-1560.3366717759309	2.7502803981744757	0.05	0.08641885526534814	0.33941435094847333	0.0601095294638106	2.3977933780009604	0.05455209748677878	0.19477387661649062	0.020040700652861693	16952.1906816997
-1157.201356139868	1.2235390284449559	0.05044036592023773	0.07093943270827444	0.001	0.20435842821055025	1.205145381544472	0.11139969761573983	0.16982223061688057	0.011995444514971233	15869.905310766173
-1230.705445020325	0.6636641560719804	0.0714563596234875	0.12921931022925875	0.11739436762462283	0.21720519351381684	3.3099764599932513	0.05433920552473255	0.1887736897698917	0.013983814255962807	16256.425458454056
-1164.2896896530142	0.8415694322104258	0.06497234396301958	0.11023997481103688	0.010843936475344835	0.21046639448256968	2.6785672115118024	0.07560966558409332	0.1733105219839966	0.009405661967019002	15867.188867364563
-1157.3703711164142	1.1810896546086602	0.05034270005239218	0.06999305245340333	0.001	0.21337807077308926	1.1538143850354805	0.11398739485810465	0.1706279201025361	0.012892506572674213	15856.53631000671
-1159.4114980175764	1.1943999637339004	0.050156850563369625	0.06880089432001657	0.001	0.21970617732212108	1.1379218559274775	0.11809580184830461	0.17056985971877142	0.014255217796081967	15792.24446198941
-1181.6859922144267	0.9686132789268772	0.05	0.07089311562102946	0.001	0.2303834309108731	1.4152175257823119	0.10427259823294258	0.15828546781465783	0.022668452608152832	15913.7684680075
-1174.0146664066413	0.761191913873223	0.05098761549395593	0.07710384164976224	0.001	0.24712895081120842	1.588890295615997	0.09310738410265655	0.17135600849982333	0.007766018485585965	16163.305687839216
-1180.0479095190954	0.7516937943588139	0.05	0.07012992533881648	0.001	0.2699965140943803	1.3338723570532411	0.1032508971034236	0.1632379319349176	0.008707023700249531	16084.849803257195
-1193.7540811018957	2.4614235339688553	0.050331814453049774	0.07063972287560973	0.001	0.13996442875882797	1.1887627832539096	0.1109629119813848	0.17201507131052235	0.007442601909477171	15850.043386612226
-1265.244731308483	0.6295816264920211	0.05108151983888555	0.08185229653173966	0.0011073560152323025	0.21262627941278314	1.8197793043035542	0.06530483505075484	0.19272972352608306	0.00910417429223567	16768.609983027913
-1817.0363210990297	0.43727491700942894	0.050028238366401474	0.0782007041993266	0.001001161480894898	0.23458385227741108	1.0339139147573835	0.04275603437071137	0.2211192608462995	0.023677707248834574	17560.425378445434
-1231.8721376606263	0.539941817579608	0.05120521157394077	0.08056298878091303	0.0018598929675136082	0.30585399865214163	1.8030011073496766	0.07728491867122256	0.18014398824758895	0.013396762116008726	16527.046581547813
-1470.9589494633042	0.5364521025770542	0.05	0.07695950476678869	0.001	0.20275686233261606	1.5175356759976588	0.05283152341589686	0.1913555998573601	0.01008587253156625	17199.595319273612
-1525.15377928574	0.5917235383823799	0.05054258453341996	0.08406540912286169	0.1840123191339619	0.1651586980600798	1.1725045494809097	0.05144897596468725	0.23311902382166114	0.009029603282114534	17418.134508548672
-1158.524006508665	0.9257412940008775	0.05065964673984644	0.07437284168820214	0.001	0.22220844525311573	1.3524017664536903	0.09917523510274012	0.17187375440903832	0.011742906219163312	16073.04457451893
-1697.2870947377912	0.4263839876067298	0.05155195999202278	0.08455972549271096	0.017971562882614946	0.2213684098645215	1.9223708460735325	0.03821406561373875	0.21032842077531888	0.004390460980071876	17639.75370641493
-1611.9574068430113	0.6047524761120758	0.059800177640324845	0.1016831961691358	0.0015092682352654682	0.14190040432980783	1.9010250423461807	0.037336573887251714	0.2642832002588709	0.013317136108743566	17180.805587810075
-1171.3865665436565	0.9259049694293757	0.06082907002663031	0.1012029675509705	0.001	0.1828906949918752	2.5661060059114233	0.0747656693589653	0.17190382240225732	0.007476935513626008	16007.82723963819
-1262.271219941082	0.8483002739046623	0.06602407271750735	0.11306424202443098	0.0011918400219835881	0.14545277181150149	2.2868977035247724	0.05457204443479525	0.20760576178270237	0.005473985819097231	16408.09073015487
-1264.6981175349772	0.5837953955564323	0.0640395594380191	0.11044133312138335	0.022730518896998515	0.24612732965823508	2.3359041091518753	0.057123557862264564	0.21177596753676733	0.012465893529125733	16542.452016838008
-1279.0734199631509	0.7061905701180914	0.05	0.05556242985069955	0.12136622976220375	0.3094944972180081	0.7889866692665106	0.1192617511963119	0.14664319990411098	0.011950175531672077	16139.606313990087
-1192.3445693145268	0.6909220700962122	0.05041980963342019	0.07781967907252733	0.0014971259774554475	0.23880889069159772	1.5244291152939762	0.08230361328221177	0.18418619415731416	0.011213387091869276	16443.36211527827
-1251.2923599092474	0.7298182491807848	0.07068803144201027	0.12418439749555542	0.005046204263093368	0.17183986756992212	4.301779054631943	0.04970777137586399	0.20415269686268128	0.008629503075876436	16281.325883865076
-1841.2962005249046	0.45172264793433325	0.05013564074229515	0.08014409743989036	0.001	0.1912590369279708	1.0525918771221259	0.03875184549196339	0.22721596512426467	0.010686874346868826	17727.61907722947
-1156.4092593636165	1.0055220339840225	0.05492658836590072	0.08553217096276372	0.001	0.20048353966763316	1.754850777525735	0.09180934056931936	0.16674088817542645	0.009415652893877876	15943.966849426974
-1170.7847695986345	1.1222058891938516	0.05	0.06413907186711594	0.001	0.2277296327443277	0.962195962819594	0.11930569729407008	0.16680192024310142	0.014002980529567895	15901.588186126924
-1185.3483705439812	1.1916623028396132	0.05000757450656702	0.06115831394412503	0.0010694771924811997	0.2562805409284913	0.8820037230667769	0.1418029320749662	0.1771250796618411	0.013478362971157704	15620.468739276113
-1394.8418235431122	0.5382790846408603	0.05	0.0725904832476921	0.001	0.23791107748061832	1.5211859975220958	0.06248007973514425	0.15588579799137653	0.002983595790392535	16942.31552647686
-1162.6994089936475	0.9466138039300351	0.05478813684167683	0.0850374835899025	0.001	0.20908407913993382	1.5697244756233972	0.09257627389166435	0.1771108003218676	0.006690819853928691	16012.482701488303
-1156.045521611039	1.1304562070288058	0.05054675977943295	0.07133817311573527	0.001	0.214979937396007	1.215675811242323	0.11113479780081278	0.16955105699225928	0.012830292823354822	15874.772050684523
-1480.138989334341	0.5275102602137088	0.05012731679834283	0.07797369329768668	0.0053818043995896995	0.22655814158483567	0.8941336791743105	0.06014147567028864	0.23217638663723603	0.0010010906593471522	17258.332318172237
-1249.5791307341528	0.5646545136988556	0.052598815043226714	0.0848815148690335	0.001	0.25986375730959305	2.0376231269000566	0.06717326608407242	0.18425181355314862	0.012916906393883376	16656.623871744894
-1224.632806447002	0.9761538205070434	0.05098345306015037	0.08409170998153645	0.6907333749140945	0.18873106940758136	1.1943820217172754	0.09446312185522665	0.1645839526619348	0.013211313578223293	16474.48497865499
-1158.8260191291563	0.9670692084666057	0.06555892155913422	0.11063343714351442	0.001	0.1836348318978289	2.4102600227101556	0.07615320781772417	0.1769842337547595	0.007902579733611598	15842.707355058155
-1177.6470242981572	0.9714566622040932	0.05	0.06625020333250664	0.001	0.2631255966839755	1.0740127067992857	0.1230044899504917	0.1678647351848087	0.01967106707264175	15764.991727432276
-1138.4055575990787	1.12368291938197	0.07841684078271748	0.13849780934382194	0.0317542098791425	0.16850488380561812	2.115775434404273	0.07428605740347928	0.18667573481002134	0.01554353478611806	15466.062056122315
-1189.2701708103912	0.9743061672538695	0.05	0.06003461936133476	0.001	0.26922831798491403	0.9582298847620951	0.12936383617493769	0.1581573574033884	0.013523058061743545	15773.071973962216
-1202.395169759429	0.781992615841268	0.051501020798537016	0.08370250223305627	0.6855550275873468	0.2494787053923062	1.260343269341537	0.1033495577774974	0.1587679831134898	0.010603094532593027	16298.892847663386
-1178.7499803345095	0.7815192363093343	0.05280482212374258	0.08379193140683086	0.001	0.21400685534447883	2.075277858651141	0.07931673095724168	0.16950585056858888	0.011979294963844252	16260.05540833153
-1287.2396730175024	0.6760183444501654	0.05252950706453499	0.09568217861440778	0.6613759871681221	0.19569861423310486	1.3825379503500579	0.07216977023089903	0.18760173877409617	0.009393155228464633	17023.31997582405
-1261.6890854192916	0.6529895579006342	0.053549093274908706	0.08762102084070503	0.001	0.20231714069999276	2.2244363506432876	0.06178716471909798	0.18958489713805385	0.009519669706443653	16681.51713359297
-1154.4710641089482	1.0032566569566141	0.05391762381011779	0.08301428595346617	0.001	0.19949920972586518	1.598336979632795	0.09198110940601566	0.17007924413619957	0.011524620207887458	16009.884986758141
-2776.939961280135	0.4119838153300305	0.05097173595046834	0.08512033995752491	0.001	0.09750462305277452	1.0621011449012416	0.017301862169912485	0.5270299681869997	0.005358027233781688	18392.016266023325
-1160.018279233052	1.22483815193878	0.05026586808971818	0.06837026931477687	0.001	0.21800947244750435	1.08734282529855	0.11956395411764362	0.17210689541049853	0.013662050501484366	15794.177762413134
-1139.1443144457335	1.1188352559177124	0.06208446008368811	0.09793473611649332	0.001	0.20159299586927493	1.3625027958812368	0.09697413037575756	0.17704588908950364	0.01327031755166994	15695.29529464232
-1160.1900987705349	0.925120889483037	0.05090702214391019	0.07528571511248228	0.001	0.22483015432273545	1.45877502044507	0.09843499341151184	0.16767181400390818	0.015744082649542704	16012.203420476082
-1861.3076309009016	0.8926432295358648	0.05000000000000001	0.07992230609661774	0.001	0.07616913100576526	1.913465818908392	0.036614202635186686	0.20661678486612547	0.011379442148276677	17484.85650193119
